1.064310312271118164e+00
5.022413656115531921e-02
5.022413656115531921e-02
4.714956134557723999e-02
3.005310520529747009e-02
3.005310520529747009e-02
1.937732100486755371e-02
1.826823875308036804e-02
1.826823875308036804e-02
1.826823875308036804e-02
1.578433066606521606e-02
1.578433066606521606e-02
1.527823135256767273e-02
1.527823135256767273e-02
9.123987518250942230e-03
9.123987518250942230e-03
9.123987518250942230e-03
9.123987518250942230e-03
8.106797002255916595e-03
8.106797002255916595e-03
8.106797002255916595e-03
8.106797002255916595e-03
8.106797002255916595e-03
8.106797002255916595e-03
8.106797002255916595e-03
8.106797002255916595e-03
8.106797002255916595e-03
8.106797002255916595e-03
8.106797002255916595e-03
8.106797002255916595e-03
8.106797002255916595e-03
8.106797002255916595e-03
8.106797002255916595e-03
8.106797002255916595e-03
8.106797002255916595e-03
8.106797002255916595e-03
8.106797002255916595e-03
8.106797002255916595e-03
8.106797002255916595e-03
8.106797002255916595e-03
8.106797002255916595e-03
8.106797002255916595e-03
8.106797002255916595e-03
8.106797002255916595e-03
8.106797002255916595e-03
8.106797002255916595e-03
8.106797002255916595e-03
8.106797002255916595e-03
8.106797002255916595e-03
8.106797002255916595e-03
8.106797002255916595e-03
8.106797002255916595e-03
8.106797002255916595e-03
8.106797002255916595e-03
8.106797002255916595e-03
8.106797002255916595e-03
8.106797002255916595e-03
8.106797002255916595e-03
8.106797002255916595e-03
8.106797002255916595e-03
8.106797002255916595e-03
8.106797002255916595e-03
8.106797002255916595e-03
8.106797002255916595e-03
8.106797002255916595e-03
8.106797002255916595e-03
8.106797002255916595e-03
8.106797002255916595e-03
8.106797002255916595e-03
8.106797002255916595e-03
8.106797002255916595e-03
8.106797002255916595e-03
8.106797002255916595e-03
8.106797002255916595e-03
8.106797002255916595e-03
8.106797002255916595e-03
8.106797002255916595e-03
8.106797002255916595e-03
8.106797002255916595e-03
8.106797002255916595e-03
8.106797002255916595e-03
8.106797002255916595e-03
8.106797002255916595e-03
8.106797002255916595e-03
8.106797002255916595e-03
8.106797002255916595e-03
8.106797002255916595e-03
8.106797002255916595e-03
8.106797002255916595e-03
8.106797002255916595e-03
8.106797002255916595e-03
8.106797002255916595e-03
8.106797002255916595e-03
8.106797002255916595e-03
8.106797002255916595e-03
8.106797002255916595e-03
8.106797002255916595e-03
8.106797002255916595e-03
8.106797002255916595e-03
8.106797002255916595e-03
